(               交易次数          总销售额      平均销售额     销售额标准差  购买客户数
Product                                                       
Toothpaste      681  34829.921875  51.150002  27.799999    657
Syrup           411  22103.130859  53.779999  28.450001    406
Toothbrush      414  21906.720703  52.910000  27.260000    406
Milk            393  21679.050781  55.160000  27.340000    388
Lawn Mower      382  21641.400391  56.650002  27.430000    374
Cheese          408  21615.199219  52.980000  27.740000    398
Orange          398  21538.169922  54.119999  27.760000    388
Air Freshener   398  21380.759766  53.720001  27.740000    393
Salmon          396  21368.099609  53.959999  27.430000    387
Banana          390  21353.279297  54.750000  27.930000    377,                交易次数          总销售额      平均销售额     销售额标准差  购买客户数
Product                                                       
Toothpaste      681  34829.921875  51.150002  27.799999    657
Toothbrush      414  21906.720703  52.910000  27.260000    406
Syrup           411  22103.130859  53.779999  28.450001    406
Cheese          408  21615.199219  52.980000  27.740000    398
Butter          403  21070.140625  52.279999  28.629999    400
Air Freshener   398  21380.759766  53.720001  27.740000    393
Orange          398  21538.169922  54.119999  27.760000    388
Salmon          396  21368.099609  53.959999  27.430000    387
Milk            393  21679.050781  55.160000  27.340000    388
Banana          390  21353.279297  54.750000  27.930000    377,                 交易次数          总销售额      平均销售额     销售额标准差  购买客户数
Product                                                        
Toothpaste       681  34829.921875  51.150002  27.799999    657
Syrup            411  22103.130859  53.779999  28.450001    406
Toothbrush       414  21906.720703  52.910000  27.260000    406
Butter           403  21070.140625  52.279999  28.629999    400
Cheese           408  21615.199219  52.980000  27.740000    398
Air Freshener    398  21380.759766  53.720001  27.740000    393
Milk             393  21679.050781  55.160000  27.340000    388
Orange           398  21538.169922  54.119999  27.760000    388
Salmon           396  21368.099609  53.959999  27.430000    387
Cleaning Spray   388  20662.759766  53.250000  27.629999    380)